0 0.442602 0.941176 0.0162652 0.0208594
0 0.635909 0.799541 0.0131373 0.0196078
0 0.948546 0.104714 0.0253363 0.0317063
0 0.863309 0.104506 0.0269002 0.0346266
0 0.261495 0.848352 0.0187676 0.0229453
0 0.68705 0.556946 0.016578 0.0216938
0 0.250235 0.378807 0.0200188 0.0250313
0 0.778699 0.814143 0.0265874 0.0312891
0 0.723334 0.815603 0.0365968 0.0467251
0 0.668283 0.795786 0.0222083 0.028786
0 0.693619 0.118899 0.0278386 0.0358782
0 0.269941 0.889654 0.028777 0.0329579
0 0.877541 0.241135 0.0359712 0.0475594
0 0.218955 0.232165 0.0262746 0.0304547
0 0.15624 0.218607 0.0309665 0.0392157
