0 0.944247 0.121061 0.0248227 0.0309874
0 0.629827 0.79438 0.0161545 0.022584
0 0.275217 0.885242 0.0287628 0.0330882
0 0.683412 0.552521 0.0161545 0.0220588
0 0.861899 0.121586 0.0248227 0.0341387
0 0.261623 0.384979 0.0189125 0.0231092
0 0.173365 0.235557 0.0315209 0.0383403
0 0.266351 0.841387 0.0181245 0.0231092
0 0.438928 0.93041 0.0189125 0.0236345
0 0.667258 0.790179 0.0248227 0.0330882
0 0.717888 0.806197 0.034673 0.0462185
0 0.697794 0.137342 0.0275808 0.0351891
0 0.870567 0.252101 0.035855 0.0441176
0 0.235422 0.246586 0.0256107 0.029937
